numClusters:230
bestK:68
goodKValues:68,3,8,11,16,19,21,23,29,36,45,51,54,61,64,66,68,73,77,83,89,94,102,108,112,118,121,127,130,134,140,146,154,159,161,166,168,182,187,198,200,209,212,225,228
k:1
cluster;1;node:1,2,3,4,5,6,7,8,9,10,11,12,13,14,15,16,17,18,19,20,21,22,23,24,25,26,27,28,29,30,31,32,33,34,35,36,37,38,39,40,41,42,43,44,45,46,47,48,49,50,51,52,53,54,55,56,57,58,59,60,61,62,63,64,65,66,67,68,69,70,71,72,73,74,75,76,77,78,79,80,81,82,83,84,85,86,87,88,89,90,91,92,93,94,95,96,97,98,99,100,101,102,103,104,105,106,107,108,109,110,111,112,113,114,115,116,117,118,119,120,121,122,123,124,125,126,127,128,129,130,131,132,133,134,135,136,137,138,139,140,141,142,143,144,145,146,147,148,149,150,151,152,153,154,155,156,157,158,159,160,161,162,163,164,165,166,167,168,169,170,171,172,173,174,175,176,177,178,179,180,181,182,183,184,185,186,187,188,189,190,191,192,193,194,195,196,197,198,199,200,201,202,203,204,205,206,207,208,209,210,211,212,213,214,215,216,217,218,219,220,221,222,223,224,225,226,227,228,229,230,231
k:68
cluster;1;node:1
cluster;2;node:2
cluster;3;node:3
cluster;4;node:4,7,46,61
cluster;5;node:5
cluster;6;node:6,13,16,100
cluster;7;node:8,70,72,106,131,141,153,170,173,175,203,204,226,229
cluster;8;node:9,15,36,43
cluster;9;node:10,12,26,28,35,108,112,122,217
cluster;10;node:11,18
cluster;11;node:14,39,182
cluster;12;node:17,30,51,96,130,143,145,163,165,195,196,197
cluster;13;node:19,103,104,109,127,144
cluster;14;node:20,29,37,41,44,52,53,58,69,107,116,117,119,160,214
cluster;15;node:21
cluster;16;node:22,48,154
cluster;17;node:23,60,201
cluster;18;node:24,56
cluster;19;node:25,54
cluster;20;node:27,95
cluster;21;node:31,66,177
cluster;22;node:32,68,147,161
cluster;23;node:33
cluster;24;node:34
cluster;25;node:38,146
cluster;26;node:40
cluster;27;node:42,94
cluster;28;node:45,59,114,125,166,167,194,206,213
cluster;29;node:47,126,136,140,148,200,211
cluster;30;node:49
cluster;31;node:50,63,101,149,151,152,178
cluster;32;node:55,79,82,97
cluster;33;node:57,156
cluster;34;node:62,118,191,231
cluster;35;node:64,67,75,77,80,81,84,89,90,174,215,216,223
cluster;36;node:65,111,158,176,181,218
cluster;37;node:71,87,88,92,93
cluster;38;node:73
cluster;39;node:74
cluster;40;node:76,164,199
cluster;41;node:78,227
cluster;42;node:83
cluster;43;node:85,99,102,135,142
cluster;44;node:86
cluster;45;node:91,113,183,185
cluster;46;node:98
cluster;47;node:105,228
cluster;48;node:110
cluster;49;node:115,120,138,157,180,186,225
cluster;50;node:121,123,128,150,187,188,220,222
cluster;51;node:124,184
cluster;52;node:129,155,189
cluster;53;node:132
cluster;54;node:133,169
cluster;55;node:134,159
cluster;56;node:137
cluster;57;node:139
cluster;58;node:162,172,221
cluster;59;node:168,205
cluster;60;node:171
cluster;61;node:179
cluster;62;node:190,192
cluster;63;node:193,202,208,212
cluster;64;node:198
cluster;65;node:207,210,230
cluster;66;node:209
cluster;67;node:219
cluster;68;node:224
